0201015555555555
0201025555555555
0201035555555555
0201045555555555
0201055555555555
0201065555555555
0201075555555555
02010C5555555555
02010D5555555555
02010E5555555555
02010F5555555555
0201105555555555
0201115555555555
0201155555555555
02011C5555555555
02011F5555555555
0201215555555555
0201245555555555
02012E5555555555
02012F5555555555
0201305555555555
0201315555555555
0201325555555555
0201335555555555
02013C5555555555
0201415555555555
0201425555555555
0201435555555555
0201445555555555
0201455555555555
0201465555555555
0201475555555555
0201495555555555
02014A5555555555
02014C5555555555
02014D5555555555
0201515555555555